83
90
94
92
92
93
93
93
94
94
94
100
99
100
100
97
98
105
136
142
147
147
162
163
162
166
164
161
169
168
163
160
161
165
162
170
184
179
189
190
199
204
227
233
243
245
274
271
274
272
279
283
297
302
305
300
302
321
331
329
351
346
355
371
397
399
410
414
408
399
395
407
408
413
416
423
485
494
493
497
502
529
538
546
577
590
586
585
591
607
599
605
624
645
665
666
673
677
702
706
719
721
740
728
752
753
758
766
768
779
770
772
784
802
781
768
782
777
786
780
782
792
802
805
805
802
800
830
839
842
848
860
862
860
854
851
870
849
842
843
848
850
837
831
807
814
813
827
844
855
871
872
867
873
871
856
861
858
846
863
866
869
851
842
835
824
825
815
804
828
825
820
827
814
826
837
829
844
840
830
814
801
793
795
785
774
762
744
728
712
707
715
730
724
705
697
706
688
666
663
649
641
637
626
618
607
597
593
584
585
595
582
572
566
556
543
541
542
546
533
526
513
497
484
481
476
481
477
466
455
450
442
427
428
410
411
409
410
398
390
384
370
386
377
362
351
340
334
331
323
315
314
317
307
306
314
314
310
305
300
296
312
311
307
302
302
311
307
297
291
287
277
277
285
283
282
280
277
273
278
279
284
296
306
315
307
314
308
310
316
329
336
339
330
323
316
311
310
310
315
308
305
306
300
297
307
307
302
301
304
306
301
298
290
287
280
296
301
301
306
301
295
294
291
311
318
322
325
335
352
343
342
348
340
338
334
331
341
344
361
374
372
368
381
388
394
396
404
400
405
418
414
407
411
406
412
414
420
434
444
449
451
462
457
458
448
446
454
453
466
472
473
474
482
481
477
497
517
529
537
548
545
547
552
555
563
565
577
573
579
590
590
592
586
589
601
610
612
622
632
638
643
658
648
663
663
647
647
642
639
655
652
646
669
668
655
653
662
672
670
681
667
676
688
679
682
664
678
669
672
673
673
673
671
673
676
688
682
678
676
675
683
672
679
671
667
659
658
644
638
651
662
685
698
703
691
693
689
687
684
681
677
670
672
666
668
662
667
645
641
641
650
645
637
633
621
609
601
588
583
567
568
568
559
556
548
541
540
529
522
521
515
506
501
492
487
481
475
461
453
436
423
415
406
400
394
385
374
360
343
328
313
303
288
273
269
258
252
243
235
